# X , Y , E Distribution=true
40971
2.525,-0.00644042,0.021428
2.575,-0.000801584,0.0171519
2.625,0.00741765,0.0144718
2.675,0.122615,0.0133961
2.725,0.115333,0.0126972
2.775,0.173149,0.012523
2.825,0.361404,0.0116642
2.875,0.588194,0.00950068
2.925,0.711611,0.0077248
2.975,0.692599,0.00766777
3.025,0.506689,0.00891778
3.075,0.246257,0.0090597
3.125,0.141152,0.00790506
3.175,0.196745,0.00669589
3.225,0.340803,0.0056679
3.275,0.472447,0.00486731
3.325,0.527842,0.00445879
3.375,0.48754,0.0044897
3.425,0.37601,0.00477544
3.475,0.228669,0.0050507
3.525,0.0498504,0.00520378
3.575,-0.141973,0.00507811
3.625,-0.315682,0.00474926
3.675,-0.432801,0.00444363
3.725,-0.451397,0.00438147
3.775,-0.331635,0.00462228
3.825,-0.126792,0.00487143
3.875,0.122929,0.00491673
3.925,0.357061,0.00467493
3.975,0.527885,0.00429036
4.025,0.628633,0.00401758
4.075,0.656032,0.00389636
4.125,0.580175,0.0041724
4.175,0.407702,0.00472247
4.225,0.208759,0.00513449
4.275,-0.0369478,0.00527929
4.325,-0.279861,0.00513673
4.375,-0.465664,0.0047346
4.425,-0.578867,0.00438111
4.475,-0.623122,0.00421542
4.525,-0.602841,0.00431733
4.575,-0.535451,0.00464917
4.625,-0.4431,0.00496202
4.675,-0.331937,0.00535619
4.725,-0.219989,0.00552052
4.775,-0.0977084,0.00569017
4.825,0.0355888,0.00577161
4.875,0.158604,0.00581217
4.925,0.286978,0.00567615
4.975,0.382745,0.00563207
5.025,0.471663,0.00546663
5.075,0.520881,0.00543297
5.125,0.528976,0.00544969
5.175,0.484753,0.00575125
5.225,0.403298,0.00613816
5.275,0.25982,0.00654891
5.325,0.116367,0.006884
5.375,-0.0643518,0.00694253
5.425,-0.232488,0.00688032
5.475,-0.383647,0.00660413
5.525,-0.475198,0.00637301
5.575,-0.578891,0.00600794
5.625,-0.619924,0.00588076
5.675,-0.653208,0.00571603
5.725,-0.677786,0.00564354
5.775,-0.651213,0.00590964
5.825,-0.643078,0.00607844
5.875,-0.61057,0.00639947
5.925,-0.546728,0.00685452
5.975,-0.502597,0.00723497
6.025,-0.443988,0.00760585
6.075,-0.355054,0.00801999
6.125,-0.283307,0.00839564
6.175,-0.199589,0.0087275
6.225,-0.113102,0.00903521
6.275,-0.0156736,0.00919934
6.325,0.0653765,0.00936084
6.375,0.154722,0.0094563
6.425,0.233264,0.00950375
6.475,0.297747,0.00938161
6.525,0.365544,0.00931356
6.575,0.424144,0.00911522
6.625,0.488608,0.00900726
6.675,0.550887,0.00882505
6.725,0.577902,0.00867508
6.775,0.619441,0.00851472
6.825,0.644607,0.00847992
6.875,0.682238,0.00815095
6.925,0.702524,0.00815104
6.975,0.721705,0.00803563
7.025,0.731842,0.00807036
7.075,0.734657,0.0081045
7.125,0.736367,0.00816053
7.175,0.75064,0.0082035
7.225,0.725549,0.00860155
7.275,0.743342,0.00845364
7.325,0.722846,0.00895069
7.375,0.727459,0.00904271
7.425,0.698469,0.00960936
7.475,0.703827,0.00981485
7.525,0.673958,0.0103324
7.575,0.665251,0.0105403
7.625,0.638347,0.0111629
7.675,0.644542,0.0112712
7.725,0.608661,0.0117373
7.775,0.592003,0.0122102
7.825,0.566898,0.012805
7.875,0.558927,0.0129979
7.925,0.528049,0.0137509
7.975,0.506432,0.014257
8.025,0.47265,0.0146565
8.075,0.439297,0.0154255
8.125,0.406352,0.0162572
8.175,0.433621,0.0160383
8.225,0.377579,0.0169692
8.275,0.333505,0.0175272
8.325,0.304501,0.0184542
8.375,0.235831,0.0188761
8.425,0.224533,0.0193718
8.475,0.275709,0.0196678
8.525,0.159853,0.0209942
8.575,0.129653,0.0209447
8.625,0.177858,0.0213798
8.675,0.111269,0.0222137
8.725,0.0914797,0.0229002
8.775,0.0625894,0.0235037
8.825,0.105992,0.0242163
8.875,0.0167642,0.0245984
8.925,0.0554269,0.0250034
8.975,0.0238595,0.0256085
9.025,0.0339515,0.0261025
9.075,0.0548631,0.0263441
9.125,0.0344127,0.0273124
9.175,0.0395073,0.0271186
9.225,0.00584062,0.0280476
9.275,-0.0117538,0.0282691
9.325,-0.0252669,0.0280321
9.375,-0.0146615,0.0283719
9.425,0.00308595,0.0287102
9.475,-0.0313426,0.0300704
9.525,-0.0641231,0.0300963
9.575,-0.165249,0.029074
9.625,-0.143571,0.0298939
9.675,-0.158497,0.0310999
9.725,-0.216643,0.0303107
9.775,-0.244017,0.0316187
9.825,-0.173415,0.0321
9.875,-0.122177,0.0329128
9.925,-0.245622,0.0312949
9.975,-0.322963,0.0314664
10.025,-0.296673,0.0320328
10.075,-0.305723,0.0334776
10.125,-0.365624,0.0322444
10.175,-0.32031,0.0336741
10.225,-0.410228,0.0334159
10.275,-0.388357,0.0339257
10.325,-0.366652,0.0356736
10.375,-0.41789,0.0345217
10.425,-0.415363,0.035693
10.475,-0.332308,0.0373656
10.525,-0.397431,0.0364944
10.575,-0.454625,0.0350061
10.625,-0.36556,0.0378625
10.675,-0.445255,0.0354626
10.725,-0.413399,0.0378669
10.775,-0.398971,0.0384647
10.825,-0.364303,0.038865
10.875,-0.389897,0.0388336
10.925,-0.404757,0.0397082
10.975,-0.390863,0.040448
11.025,-0.399682,0.0403844
11.075,-0.350905,0.0417058
11.125,-0.343986,0.0441034
11.175,-0.4006,0.0408756
11.225,-0.293913,0.045335
11.275,-0.339968,0.0444635
11.325,-0.324129,0.0442096
11.375,-0.266274,0.0459052
11.425,-0.38397,0.0476084
11.475,-0.307409,0.0475231
11.525,-0.352393,0.0477053
11.575,-0.281828,0.0489656
11.625,-0.300655,0.0491517
11.675,-0.345075,0.049293
11.725,-0.225529,0.0514247
11.775,-0.324681,0.0501962
11.825,-0.228842,0.0526316
11.875,-0.250813,0.0526726
11.925,-0.276812,0.0522942
11.975,-0.0500347,0.0554628
12.025,-0.149085,0.0587167
12.075,-0.119399,0.0584685
12.125,-0.134963,0.0583392
12.175,-0.188004,0.0601947
12.225,-0.0942893,0.0618292
12.275,-0.0955591,0.0607763
12.325,0.0255389,0.0635318
12.375,-0.140513,0.0692084
12.425,-0.0508756,0.0639855
12.475,-0.10137,0.0645384
12.525,-0.0172218,0.0668615
12.575,-0.00764462,0.0674743
12.625,0.11084,0.0701817
12.675,-0.000256449,0.0704146
12.725,-0.052763,0.0725
12.775,0.0947269,0.0699191
12.825,0.00648003,0.0765228
12.875,0.0569945,0.068304
12.925,-0.00541044,0.0774352
12.975,0.0525134,0.0866406
