# X , Y , E Distribution=true
40971
2.525,-0.0043263,0.0310935
2.575,-0.0104284,0.0243747
2.625,-0.00592021,0.0207846
2.675,0.10611,0.0198166
2.725,0.104043,0.0191215
2.775,0.162387,0.0192028
2.825,0.372325,0.019702
2.875,0.638925,0.0208179
2.925,0.725702,0.0201298
2.975,0.686494,0.0197059
3.025,0.531734,0.0180585
3.075,0.247629,0.0142917
3.125,0.112011,0.0120173
3.175,0.184017,0.0104428
3.225,0.35407,0.00944242
3.275,0.475331,0.00907568
3.325,0.532276,0.00882208
3.375,0.484361,0.00849665
3.425,0.387327,0.00828902
3.475,0.241611,0.00795955
3.525,0.0545755,0.00778261
3.575,-0.14554,0.00776429
3.625,-0.328741,0.00785578
3.675,-0.459328,0.00808737
3.725,-0.474697,0.00802243
3.775,-0.353719,0.00774708
3.825,-0.121253,0.00735388
3.875,0.137699,0.00742729
3.925,0.39025,0.00804188
3.975,0.570093,0.00872649
4.025,0.667957,0.0092974
4.075,0.69082,0.00934884
4.125,0.62016,0.00898549
4.175,0.440002,0.00838756
4.225,0.191404,0.0079107
4.275,-0.0718598,0.00793632
4.325,-0.325933,0.0084209
4.375,-0.537717,0.00907453
4.425,-0.640289,0.00943029
4.475,-0.671815,0.00957596
4.525,-0.656196,0.00958581
4.575,-0.568039,0.00934347
4.625,-0.467158,0.0090655
4.675,-0.344214,0.0089521
4.725,-0.21416,0.00859034
4.775,-0.0877958,0.00854011
4.825,0.042615,0.00853647
4.875,0.190717,0.00893432
4.925,0.321481,0.00930503
4.975,0.447391,0.00992029
5.025,0.545298,0.0104572
5.075,0.609311,0.0111094
5.125,0.622589,0.0112863
5.175,0.590763,0.0114751
5.225,0.487346,0.0112294
5.275,0.318681,0.0106486
5.325,0.122882,0.0103466
5.375,-0.0941639,0.0103973
5.425,-0.281951,0.0109233
5.475,-0.456913,0.0116277
5.525,-0.570591,0.0124696
5.575,-0.665462,0.0130864
5.625,-0.725547,0.0136108
5.675,-0.767536,0.0143726
5.725,-0.758972,0.0142806
5.775,-0.736014,0.0144135
5.825,-0.71196,0.0145473
5.875,-0.662311,0.014284
5.925,-0.609663,0.0142533
5.975,-0.541665,0.014028
6.025,-0.464184,0.0137146
6.075,-0.358076,0.0134392
6.125,-0.273903,0.0134254
6.175,-0.180509,0.0135159
6.225,-0.0967806,0.0133677
6.275,0.0206751,0.0135177
6.325,0.0838721,0.0138659
6.375,0.204759,0.0142924
6.425,0.279123,0.0146586
6.475,0.384704,0.0155952
6.525,0.449746,0.0161099
6.575,0.501755,0.0168602
6.625,0.547689,0.0172585
6.675,0.63711,0.0183469
6.725,0.666816,0.0190054
6.775,0.699387,0.0194255
6.825,0.738371,0.02029
6.875,0.74503,0.0207147
6.925,0.793657,0.0216521
6.975,0.779978,0.0219038
7.025,0.793438,0.0220103
7.075,0.788292,0.0224789
7.125,0.792583,0.023278
7.175,0.777778,0.0234617
7.225,0.772326,0.0237173
7.275,0.776925,0.0241817
7.325,0.756312,0.0238111
7.375,0.763619,0.0246212
7.425,0.745536,0.0248405
7.475,0.743071,0.0249948
7.525,0.743507,0.0253909
7.575,0.701772,0.0253791
7.625,0.653039,0.0252725
7.675,0.655014,0.0250363
7.725,0.636881,0.0260777
7.775,0.574347,0.0256807
7.825,0.588534,0.0261246
7.875,0.505756,0.0257574
7.925,0.510174,0.0263826
7.975,0.508126,0.02718
8.025,0.460658,0.0269832
8.075,0.418201,0.0267703
8.125,0.391387,0.0267898
8.175,0.338903,0.0277378
8.225,0.339319,0.0274632
8.275,0.224066,0.0270212
8.325,0.221006,0.0281089
8.375,0.182143,0.0284664
8.425,0.0922618,0.0289082
8.475,0.0669936,0.0290673
8.525,-0.0145364,0.0304902
8.575,-0.0772589,0.032012
8.625,-0.164391,0.0342909
8.675,-0.156742,0.034891
8.725,-0.223592,0.0360763
8.775,-0.178808,0.0381119
8.825,-0.137342,0.0377121
8.875,-0.0889718,0.0389095
8.925,-0.00988439,0.0407546
8.975,-0.0486585,0.0404045
9.025,0.0537804,0.0436033
9.075,0.148746,0.0450086
9.125,0.16018,0.0433697
9.175,0.245119,0.0447107
9.225,0.297973,0.0437837
9.275,0.289018,0.0434512
9.325,0.267548,0.0464145
9.375,0.310118,0.0440913
9.425,0.266989,0.0437808
9.475,0.270518,0.043939
9.525,0.180418,0.0447672
9.575,0.108808,0.0440616
9.625,0.0211109,0.0438128
9.675,-0.0410175,0.0437998
9.725,-0.0516341,0.045175
9.775,-0.0608822,0.045477
9.825,-0.140817,0.0442434
9.875,-0.187331,0.0475192
9.925,-0.269151,0.0495128
9.975,-0.274621,0.0484955
10.025,-0.358903,0.0490562
10.075,-0.454888,0.0551715
10.125,-0.466137,0.0545976
10.175,-0.431552,0.0515689
10.225,-0.505904,0.0543544
10.275,-0.502256,0.0590911
10.325,-0.573418,0.0582046
10.375,-0.511673,0.0582037
10.425,-0.517701,0.0610973
10.475,-0.568803,0.0617107
10.525,-0.565684,0.0597026
10.575,-0.549181,0.0643033
10.625,-0.525099,0.0619274
10.675,-0.637942,0.0728598
10.725,-0.539256,0.063444
10.775,-0.728685,0.0760203
10.825,-0.61689,0.0675337
10.875,-0.53718,0.0676055
10.925,-0.580701,0.0691207
10.975,-0.632893,0.0727072
11.025,-0.498076,0.0737811
11.075,-0.497777,0.0682345
11.125,-0.453742,0.0665856
11.175,-0.471416,0.0722367
11.225,-0.41112,0.0694752
11.275,-0.37769,0.0705953
11.325,-0.446854,0.0749894
11.375,-0.475927,0.0772811
11.425,-0.3115,0.0699343
11.475,-0.407585,0.0702687
11.525,-0.252398,0.0757212
11.575,-0.310864,0.0750971
11.625,-0.188441,0.0733467
11.675,-0.310719,0.0792617
11.725,0.0858059,0.0787043
11.775,-0.325008,0.0809894
11.825,-0.120055,0.0773421
11.875,-0.129147,0.0844085
11.925,-0.035245,0.0750984
11.975,-0.10262,0.0838649
12.025,-0.0152118,0.0849194
12.075,0.0344878,0.0899423
12.125,0.110416,0.0781897
12.175,-0.10957,0.0876531
12.225,0.0400697,0.0855995
12.275,0.278129,0.0964709
12.325,0.0517023,0.0900155
12.375,0.0650886,0.0935399
12.425,0.0351763,0.0946406
12.475,0.142249,0.0930841
12.525,0.0920462,0.0971778
12.575,-0.0321819,0.100145
12.625,0.12941,0.0994505
12.675,0.135809,0.0981193
12.725,0.228657,0.10647
12.775,0.123656,0.0940714
12.825,0.172398,0.102611
12.875,0.0778057,0.0966205
12.925,0.135705,0.112927
12.975,0.183698,0.111699
13.025,0.211198,0.117334
13.075,0.125138,0.11139
13.125,0.263973,0.121152
13.175,0.111691,0.14685
13.225,0.283832,0.166538
13.275,0.41026,0.185465
