# X , Y , E Distribution=true
40971
2.525,-0.00844553,0.0156563
2.575,-0.0125261,0.0129975
2.625,0.0104572,0.011179
2.675,0.0731374,0.0105551
2.725,0.075483,0.00996886
2.775,0.0990456,0.00977188
2.825,0.338556,0.00927721
2.875,0.586268,0.00742898
2.925,0.697263,0.00617785
2.975,0.676621,0.0062088
3.025,0.500714,0.00702845
3.075,0.213792,0.00711156
3.125,0.0967902,0.00619628
3.175,0.17991,0.0051894
3.225,0.325155,0.00436264
3.275,0.472761,0.00372153
3.325,0.540629,0.00336873
3.375,0.515207,0.00339302
3.425,0.431745,0.00358475
3.475,0.306747,0.0038041
3.525,0.110379,0.0039702
3.575,-0.101121,0.00389943
3.625,-0.288449,0.00367947
3.675,-0.442557,0.00336212
3.725,-0.495791,0.00324737
3.775,-0.39613,0.00342842
3.825,-0.175139,0.00371676
3.875,0.0708947,0.00378645
3.925,0.317645,0.0036379
3.975,0.515132,0.00330534
4.025,0.637541,0.00302969
4.075,0.68204,0.00287336
4.125,0.628488,0.00303714
4.175,0.480101,0.00346867
4.225,0.260469,0.00387591
4.275,0.00244767,0.00404121
4.325,-0.261077,0.0039537
4.375,-0.480693,0.00359255
4.425,-0.623081,0.00320112
4.475,-0.685104,0.00298999
4.525,-0.679918,0.00302466
4.575,-0.621569,0.00327726
4.625,-0.526253,0.00359675
4.675,-0.431347,0.00393211
4.725,-0.305568,0.00411805
4.775,-0.185631,0.00427828
4.825,-0.0477001,0.00440053
4.875,0.0853974,0.00444756
4.925,0.223647,0.00442638
4.975,0.368543,0.00428537
5.025,0.479098,0.00416184
5.075,0.566384,0.00399522
5.125,0.6069,0.00389883
5.175,0.588207,0.00407264
5.225,0.510948,0.0044347
5.275,0.367196,0.00482241
5.325,0.191744,0.00513478
5.375,-0.00549547,0.00532218
5.425,-0.178329,0.00531911
5.475,-0.372162,0.00509992
5.525,-0.506297,0.00476369
5.575,-0.619281,0.0044048
5.625,-0.681822,0.00413288
5.675,-0.725725,0.00395877
5.725,-0.747402,0.00388401
5.775,-0.740867,0.0039901
5.825,-0.73526,0.00409104
5.875,-0.710325,0.00431651
5.925,-0.665906,0.00463023
5.975,-0.606545,0.00505309
6.025,-0.536629,0.00543691
6.075,-0.476761,0.00578714
6.125,-0.398709,0.00612879
6.175,-0.297638,0.00646687
6.225,-0.206291,0.00674271
6.275,-0.114457,0.00693153
6.325,-0.0234263,0.00713458
6.375,0.0737592,0.00723272
6.425,0.152508,0.00724474
6.475,0.238695,0.00724154
6.525,0.33097,0.0071422
6.575,0.406,0.00701546
6.625,0.478275,0.00684484
6.675,0.530841,0.0067385
6.725,0.592111,0.00649049
6.775,0.628905,0.00638397
6.825,0.656672,0.00627095
6.875,0.687445,0.00614798
6.925,0.714676,0.00603728
6.975,0.737419,0.00590355
7.025,0.755444,0.00582462
7.075,0.774015,0.00569287
7.125,0.774253,0.00572891
7.175,0.784092,0.00573988
7.225,0.780518,0.00589104
7.275,0.784475,0.00593437
7.325,0.783729,0.0060964
7.375,0.786547,0.00611184
7.425,0.781823,0.00633451
7.475,0.772898,0.0065305
7.525,0.759542,0.00682076
7.575,0.748121,0.00704858
7.625,0.734559,0.00729181
7.675,0.72248,0.00765488
7.725,0.707509,0.0079325
7.775,0.680466,0.00839228
7.825,0.662944,0.00868455
7.875,0.642978,0.00903446
7.925,0.634426,0.00934674
7.975,0.593885,0.00988824
8.025,0.573269,0.0103759
8.075,0.52564,0.0108389
8.125,0.506548,0.0111889
8.175,0.471331,0.0117571
8.225,0.447905,0.0120656
8.275,0.416297,0.0127284
8.325,0.32577,0.0134344
8.375,0.311507,0.0139429
8.425,0.241958,0.0145538
8.475,0.224196,0.0148362
8.525,0.101646,0.0156976
8.575,0.126476,0.0163535
8.625,0.021877,0.0170701
8.675,0.0148194,0.0175216
8.725,-0.00274608,0.018191
8.775,-0.0910542,0.0187459
8.825,-0.0951048,0.0195449
8.875,-0.0743911,0.0205386
8.925,0.00361348,0.0205854
8.975,0.035484,0.0211098
9.025,0.131236,0.0214119
9.075,0.169092,0.0213997
9.125,0.276859,0.0212035
9.175,0.330923,0.0208823
9.225,0.393459,0.0204
9.275,0.395096,0.0202147
9.325,0.415452,0.0201363
9.375,0.391307,0.0203532
9.425,0.329202,0.0207313
9.475,0.349829,0.0207225
9.525,0.295927,0.021223
9.575,0.2678,0.02174
9.625,0.212517,0.0217283
9.675,0.160633,0.022209
9.725,0.0652918,0.0230083
9.775,0.109207,0.0228521
9.825,-0.0416521,0.0235471
9.875,-0.0643201,0.0231722
9.925,-0.0924374,0.0236093
9.975,-0.147765,0.024125
10.025,-0.195144,0.0238977
10.075,-0.279093,0.0235547
10.125,-0.341048,0.0237547
10.175,-0.355159,0.0240938
10.225,-0.405185,0.0242327
10.275,-0.423258,0.0231638
10.325,-0.470075,0.0235713
10.375,-0.519805,0.0235292
10.425,-0.55633,0.0229068
10.475,-0.551294,0.02418
10.525,-0.546361,0.024144
10.575,-0.645714,0.0212192
10.625,-0.624835,0.0223297
10.675,-0.603796,0.0229355
10.725,-0.676315,0.0211467
10.775,-0.675907,0.0220183
10.825,-0.649336,0.023299
10.875,-0.623074,0.0242854
10.925,-0.632394,0.024648
10.975,-0.653053,0.0238113
11.025,-0.595817,0.0258221
11.075,-0.566778,0.0272114
11.125,-0.574329,0.0273508
11.175,-0.559672,0.0275427
11.225,-0.579955,0.0275624
11.275,-0.509834,0.029949
11.325,-0.515898,0.0299902
11.375,-0.407146,0.033568
11.425,-0.486464,0.0307263
11.475,-0.412039,0.0327762
11.525,-0.436839,0.0332456
11.575,-0.437575,0.0344378
11.625,-0.30103,0.0363786
11.675,-0.419338,0.034396
11.725,-0.320993,0.036034
11.775,-0.288235,0.0367947
11.825,-0.274362,0.0390193
11.875,-0.188937,0.0387358
11.925,-0.270043,0.0394001
11.975,-0.244269,0.0404242
12.025,-0.218881,0.0395855
12.075,-0.224374,0.041881
12.125,-0.224953,0.0428123
12.175,-0.171043,0.0443046
12.225,-0.0201775,0.0447953
12.275,-0.237616,0.0446763
12.325,-0.0843871,0.047115
12.375,-0.0935028,0.0478651
12.425,-0.00627309,0.0478111
12.475,-0.0767992,0.0477105
12.525,0.0420369,0.0499755
12.575,-0.00910267,0.0498317
12.625,0.167992,0.0507461
12.675,0.0703038,0.050697
12.725,0.108357,0.0516199
12.775,0.0716501,0.0528024
12.825,-0.000619078,0.0520734
12.875,0.0859191,0.054355
12.925,0.0521004,0.0566157
12.975,0.13227,0.0548273
