# X , Y , E Distribution=true
40971
2.525,0.196608,0.0177948
2.575,0.221351,0.0170437
2.625,0.393184,0.0165349
2.675,0.613668,0.0157178
2.725,0.813338,0.010901
2.775,0.865906,0.00759438
2.825,0.895676,0.00550171
2.875,0.899872,0.00440173
2.925,0.896606,0.00397554
2.975,0.905843,0.0037201
3.025,0.908052,0.00377659
3.075,0.898582,0.00410465
3.125,0.908618,0.003872
3.175,0.909844,0.00347053
3.225,0.902929,0.00303921
3.275,0.909522,0.00260369
3.325,0.91389,0.00233769
3.375,0.908473,0.00229825
3.425,0.90883,0.00222545
3.475,0.913798,0.00211477
3.525,0.908905,0.00207672
3.575,0.911654,0.00189259
3.625,0.911958,0.00175923
3.675,0.913218,0.00163216
3.725,0.913278,0.00156461
3.775,0.909646,0.00156185
3.825,0.909366,0.0015459
3.875,0.911558,0.00152557
3.925,0.908979,0.00156143
3.975,0.906109,0.00159109
4.025,0.902439,0.00165356
4.075,0.904193,0.00162965
4.125,0.899074,0.00166151
4.175,0.903848,0.00163256
4.225,0.896496,0.00170571
4.275,0.897134,0.0017219
4.325,0.892264,0.00177196
4.375,0.893447,0.00176953
4.425,0.8923,0.00179489
4.475,0.89139,0.00180596
4.525,0.888085,0.00184197
4.575,0.885444,0.00187882
4.625,0.885355,0.00190781
4.675,0.880089,0.00199619
4.725,0.885992,0.00193907
4.775,0.881016,0.00199265
4.825,0.878954,0.00203969
4.875,0.878067,0.00206236
4.925,0.876179,0.00211675
4.975,0.880254,0.00211208
5.025,0.87494,0.00220358
5.075,0.870784,0.00229738
5.125,0.876427,0.00226117
5.175,0.872287,0.00235111
5.225,0.873619,0.00239132
5.275,0.867078,0.00245681
5.325,0.872784,0.0024347
5.375,0.870856,0.00248997
5.425,0.866731,0.00256533
5.475,0.868073,0.00260194
5.525,0.864935,0.00266899
5.575,0.863376,0.00271251
5.625,0.861856,0.00279046
5.675,0.860852,0.00283113
5.725,0.861223,0.00289314
5.775,0.855154,0.0029796
5.825,0.852736,0.00307403
5.875,0.85041,0.00313027
5.925,0.846468,0.00322651
5.975,0.849394,0.00323959
6.025,0.850267,0.0032936
6.075,0.844176,0.00340808
6.125,0.845467,0.0034693
6.175,0.853056,0.00343804
6.225,0.846055,0.00356227
6.275,0.841427,0.00368753
6.325,0.84264,0.00373719
6.375,0.835546,0.00384414
6.425,0.840865,0.0038474
6.475,0.834763,0.00400434
6.525,0.828097,0.00414095
6.575,0.830088,0.00418325
6.625,0.834606,0.00419187
6.675,0.827405,0.00434547
6.725,0.838112,0.00428769
6.775,0.831197,0.00444419
6.825,0.816931,0.00466753
6.875,0.821011,0.00470283
6.925,0.818131,0.00479207
6.975,0.813146,0.00493993
7.025,0.820643,0.00495329
7.075,0.819054,0.00508013
7.125,0.806233,0.00528966
7.175,0.820993,0.0051852
7.225,0.79888,0.00556415
7.275,0.800518,0.00562087
7.325,0.795956,0.00582738
7.375,0.806751,0.00572698
7.425,0.807634,0.00585996
7.475,0.818635,0.00574046
7.525,0.799079,0.00611865
7.575,0.791147,0.00627367
7.625,0.80573,0.0062234
7.675,0.797712,0.00638522
7.725,0.803176,0.00648254
7.775,0.782315,0.00683861
7.825,0.808618,0.00652418
7.875,0.799019,0.00681577
7.925,0.792956,0.00698204
7.975,0.790662,0.00716429
8.025,0.800965,0.00707377
8.075,0.811646,0.00715014
8.125,0.811926,0.00728318
8.175,0.807711,0.00737886
8.225,0.804162,0.00760707
8.275,0.800531,0.00778516
8.325,0.786154,0.00813295
8.375,0.783416,0.00824244
8.425,0.775215,0.00866991
8.475,0.796097,0.00842236
8.525,0.777291,0.00889221
8.575,0.771616,0.00909053
8.625,0.777111,0.0091764
8.675,0.770358,0.00938709
8.725,0.765479,0.00971712
8.775,0.76302,0.00979509
8.825,0.761426,0.00999395
8.875,0.762805,0.0101185
8.925,0.741096,0.0108006
8.975,0.73659,0.0109166
9.025,0.750797,0.0109363
9.075,0.746011,0.0110964
9.125,0.761628,0.0110245
9.175,0.747558,0.0115178
9.225,0.740533,0.0116113
9.275,0.745287,0.0118545
9.325,0.729349,0.0122469
9.375,0.768054,0.0118213
9.425,0.765291,0.0120588
9.475,0.710772,0.013266
9.525,0.74042,0.0128691
9.575,0.734944,0.0131871
9.625,0.715564,0.0136785
9.675,0.748792,0.0131249
9.725,0.70942,0.0145405
9.775,0.732172,0.0141923
9.825,0.747877,0.0140693
9.875,0.727294,0.0148117
9.925,0.688365,0.0159012
9.975,0.728294,0.0150503
10.025,0.694361,0.0165319
10.075,0.735877,0.0156624
10.125,0.709159,0.0166543
10.175,0.710478,0.0166153
10.225,0.717092,0.0169274
10.275,0.720504,0.0173217
10.325,0.720465,0.0174722
10.375,0.722417,0.0173316
10.425,0.69757,0.0184943
10.475,0.727908,0.0176631
10.525,0.714168,0.0185198
10.575,0.717806,0.0188091
10.625,0.720875,0.0190729
10.675,0.719371,0.0194292
10.725,0.706018,0.0203268
10.775,0.743202,0.0184364
10.825,0.704653,0.0201325
10.875,0.693887,0.0212766
10.925,0.721496,0.020469
10.975,0.648717,0.0227668
11.025,0.684208,0.021783
11.075,0.691755,0.0220512
11.125,0.670882,0.0240542
11.175,0.705851,0.0226753
11.225,0.688649,0.022953
11.275,0.693586,0.02347
11.325,0.736309,0.0223792
11.375,0.673571,0.0250214
11.425,0.64341,0.0263445
11.475,0.621697,0.0287542
11.525,0.619578,0.0283956
11.575,0.628239,0.0286158
11.625,0.65173,0.0280351
11.675,0.698392,0.0256387
11.725,0.623861,0.0294576
11.775,0.610098,0.0299488
11.825,0.659316,0.0287361
11.875,0.70612,0.0280308
11.925,0.727425,0.027053
11.975,0.670957,0.0295858
12.025,0.632341,0.0304888
12.075,0.718461,0.0286784
12.125,0.592493,0.0343843
12.175,0.668212,0.0311191
12.225,0.633145,0.0340412
12.275,0.675745,0.0334328
12.325,0.617626,0.0353276
12.375,0.622496,0.0375841
12.425,0.660601,0.0348389
12.475,0.656473,0.0371619
12.525,0.624227,0.0370034
12.575,0.601598,0.0398988
12.625,0.714086,0.0351024
12.675,0.588406,0.0415771
12.725,0.63602,0.0390889
12.775,0.606532,0.0408066
12.825,0.60117,0.0433628
12.875,0.659577,0.0397799
12.925,0.66541,0.0404844
12.975,0.56937,0.0453291
